1
5000.000000
16
11
2023
-1
-3000.000000
17
11
2023
-1
-200.000000
20
11
2023
-1
-200.000000
20
11
2023
-1
-1000.000000
20
11
2023
1
5000.000000
22
11
2023
1
75.000000
22
11
2023
-1
-1000.000000
22
11
2023
-1
-120.000000
22
11
2023
-1
-120.000000
22
11
2023
-1
-300.000000
22
11
2023
-1
-400.000000
22
11
2023
1
225.000000
22
11
2023
1
75.000000
22
11
2023
1
75.000000
22
11
2023
1
60.000000
22
11
2023
1
5000.000000
4
12
2023
2
-208.000000
4
12
2023
1
-552.000000
4
12
2023
1
0.000000
10
448
0
0
0.000000
4347331
1
4637164
1
0.000000
3
1106247680
2
1
0.000000
1106247680
2
1
-1
-333.333344
4
12
2023
-1
-333.333344
4
12
2023
-1
-333.333344
4
12
2023
